(153226312,1349)
(47161442,1347)
(229039814,1343)
(2367911,1339)
(22679419,1332)
(158419434,1326)
(131601987,1324)
(56860418,1316)
(19725644,1316)
(123371682,1305)
(196680777,1305)
(21436960,1303)
(428333,1302)
(14230524,1302)
(157829215,1289)
(274153775,1285)
(17759701,1281)
(215785630,1278)
(15439395,1262)
(144040563,1257)
(17093617,1239)
(29514951,1236)
(3829151,1236)
(24641194,1234)
(96848570,1229)
(317076339,1227)
(121258930,1225)
(16580226,1223)
(87764480,1223)
(28149277,1216)
(62581962,1212)
(657863,1212)
(16112634,1208)
(45416789,1199)
(294198566,1188)
(302847930,1180)
(15222083,1180)
(28123862,1179)
(18753000,1175)
(18713254,1169)
(124528830,1163)
(15485441,1161)
(307458983,1159)
(14498387,1158)
(9451052,1155)
(15924858,1155)
(103598216,1153)
(290097288,1152)
(35722372,1152)
(111164068,1149)
(112939321,1148)
(440963134,1140)
(57986173,1135)
(18666844,1135)
(24004172,1108)
(43933017,1107)
(461410856,1099)
(104209445,1096)
(20397258,1094)
(14824849,1086)
(25521487,1083)
(139162440,1079)
(90779436,1079)
(208132323,1059)
(164880154,1051)
(146155608,1049)
(42361118,1049)
(187744415,1045)
(43166813,1044)
(50393960,1042)
(225784456,1041)
(17092592,1038)
(22705686,1037)
(73019162,1037)
(206923844,1036)
(25026165,1036)
(8470732,1030)
(46209291,1022)
(47785747,1018)
(4620451,1017)
(15661871,1015)
(18393773,1010)
(172883064,1010)
(14269220,1001)
