(40981798,8324)
(43003845,7466)
(22462180,7425)
(34428380,7357)
(115485051,4359)
(15913,4136)
(3359851,3819)
(11348282,3662)
(27633075,3577)
(31331740,3532)
(7861312,3462)
(18996905,3165)
(7860742,3088)
(22784458,2891)
(17868918,2836)
(813286,2806)
(117674417,2794)
(10671602,2710)
(48485771,2618)
(83943787,2616)
(34068984,2590)
(18927441,2540)
(15853668,2533)
(238260874,2487)
(8088112,2486)
(1183041,2415)
(16464746,2342)
(16098603,2342)
(133055665,2286)
(88323281,2277)
(18776017,2276)
(263838766,2250)
(116036694,2192)
(309366491,2172)
(100318079,2144)
(90420314,2067)
(14654965,2066)
(31353077,2052)
(195475105,2017)
(270449528,1972)
(10350,1971)
(59804598,1965)
(63485337,1936)
(151338729,1935)
(19358562,1887)
(16303106,1839)
(65913144,1819)
(24742040,1784)
(116952434,1757)
(26281970,1726)
(187773078,1714)
(276706356,1687)
(5442012,1683)
(280935165,1677)
(30313925,1667)
(16475194,1654)
(15234657,1649)
(204317520,1640)
(69592091,1630)
(121533789,1628)
(28465635,1597)
(79797834,1593)
(82030021,1588)
(254839786,1576)
(27855118,1571)
(18742444,1555)
(7872262,1528)
(26929220,1499)
(19040580,1492)
(47787563,1489)
(204140367,1489)
(14922225,1465)
(284422688,1462)
(19493072,1458)
(314316607,1451)
(93905958,1450)
(21681252,1435)
(46423291,1432)
(19802879,1422)
(972651,1418)
(14075928,1410)
(783214,1403)
(11928542,1373)
(149538028,1369)
(259842341,1364)
(24585498,1364)
(17224642,1360)
(173732041,1359)
